
625 325 600 300 650 350 0
25 575 0 550 50 600 0
75 575 50 550 100 600 0
125 575 100 550 150 600 0
175 575 150 550 200 600 0
225 575 200 550 250 600 0
275 575 250 550 300 600 0
325 575 300 550 350 600 0
375 575 350 550 400 600 0
425 575 400 550 450 600 0
475 575 450 550 500 600 0
525 575 500 550 550 600 0
575 575 550 550 600 600 0
625 575 600 550 650 600 0
675 575 650 550 700 600 0
725 575 700 550 750 600 0
775 575 750 550 800 600 0
825 575 800 550 850 600 0
875 575 850 550 900 600 0
925 575 900 550 950 600 0
975 575 950 550 1000 600 0
1025 575 1000 550 1050 600 0
1075 575 1050 550 1100 600 0
1125 575 1100 550 1150 600 0
1175 575 1150 550 1200 600 0
1225 575 1200 550 1250 600 0
1275 575 1250 550 1300 600 0
1325 575 1300 550 1350 600 0
1375 575 1350 550 1400 600 0
1425 575 1400 550 1450 600 0
1475 575 1450 550 1500 600 0
1525 575 1500 550 1550 600 0
1575 575 1550 550 1600 600 0
1625 575 1600 550 1650 600 0
1675 575 1650 550 1700 600 0
1725 575 1700 550 1750 600 0
1775 575 1750 550 1800 600 0
1825 575 1800 550 1850 600 0
1875 575 1850 550 1900 600 0
1925 575 1900 550 1950 600 0
1975 575 1950 550 2000 600 0
2025 575 2000 550 2050 600 0
2075 575 2050 550 2100 600 0
2125 575 2100 550 2150 600 0
2175 575 2150 550 2200 600 0
2225 575 2200 550 2250 600 0
2275 575 2250 550 2300 600 0
2325 575 2300 550 2350 600 0
2375 575 2350 550 2400 600 0
2425 575 2400 550 2450 600 0
2475 575 2450 550 2500 600 0
2525 575 2500 550 2550 600 0
2575 575 2550 550 2600 600 0
2625 575 2600 550 2650 600 0
2675 575 2650 550 2700 600 0
2725 575 2700 550 2750 600 0
2775 575 2750 550 2800 600 0
2825 575 2800 550 2850 600 0
2875 575 2850 550 2900 600 0
2925 575 2900 550 2950 600 0
2975 575 2950 550 3000 600 0
3025 575 3000 550 3050 600 0
3075 575 3050 550 3100 600 0
3125 575 3100 550 3150 600 0
3175 575 3150 550 3200 600 0
3225 575 3200 550 3250 600 0
3275 575 3250 550 3300 600 0
3325 575 3300 550 3350 600 0
3375 575 3350 550 3400 600 0
3425 575 3400 550 3450 600 0
3475 575 3450 550 3500 600 0
3525 575 3500 550 3550 600 0
3575 575 3550 550 3600 600 0
3625 575 3600 550 3650 600 0
3675 575 3650 550 3700 600 0
3725 575 3700 550 3750 600 0
4175 825 4150 800 4200 850 0
4225 275 4200 250 4250 300 0
4425 825 4400 800 4450 850 0
4175 25 4150 0 4200 50 0
4325 375 4300 350 4350 400 0
4875 875 4850 850 4900 900 0
4425 75 4400 50 4450 100 0
4625 25 4600 0 4650 50 0
4675 25 4650 0 4700 50 0
4725 25 4700 0 4750 50 0
4775 25 4750 0 4800 50 0
4825 25 4800 0 4850 50 0
4875 25 4850 0 4900 50 0
4925 25 4900 0 4950 50 0
4975 25 4950 0 5000 50 0
4975 325 4950 300 5000 350 0
5025 325 5000 300 5050 350 0
4375 375 4350 350 4400 400 0
4475 375 4450 350 4500 400 0
4525 425 4500 400 4550 450 0
4625 425 4600 400 4650 450 0
4725 425 4700 400 4750 450 0
4725 475 4700 450 4750 500 0
4675 475 4650 450 4700 500 0
4425 375 4400 350 4450 400 0
4525 375 4500 350 4550 400 0
4625 375 4600 350 4650 400 0
4775 375 4750 350 4800 400 0
4875 375 4850 350 4900 400 0
4925 375 4900 350 4950 400 0
4975 375 4950 350 5000 400 0
4825 375 4800 350 4850 400 0
4475 25 4450 0 4500 50 0
4425 25 4400 0 4450 50 0
4375 25 4350 0 4400 50 0
4125 375 4100 350 4150 400 0
4175 375 4150 350 4200 400 0
4225 375 4200 350 4250 400 0
4575 425 4550 400 4600 450 0
4625 475 4600 450 4650 500 0
4625 525 4600 500 4650 550 0
4675 525 4650 500 4700 550 0
4725 525 4700 500 4750 550 0
4725 575 4700 550 4750 600 0
4725 375 4700 350 4750 400 0
3875 375 3850 350 3900 400 0
3925 375 3900 350 3950 400 0
3975 375 3950 350 4000 400 0
4275 375 4250 350 4300 400 0
4375 425 4350 400 4400 450 0
4475 425 4450 400 4500 450 0
4575 475 4550 450 4600 500 0
4775 525 4750 500 4800 550 0
4575 375 4550 350 4600 400 0
3925 325 3900 300 3950 350 0
4125 275 4100 250 4150 300 0
4375 325 4350 300 4400 350 0
4625 325 4600 300 4650 350 0
4675 325 4650 300 4700 350 0
4725 275 4700 250 4750 300 0
4775 275 4750 250 4800 300 0
4825 275 4800 250 4850 300 0
4875 475 4850 450 4900 500 0
4525 125 4500 100 4550 150 0
4475 175 4450 150 4500 200 0
4475 225 4450 200 4500 250 0
4325 425 4300 400 4350 450 0
4575 175 4550 150 4600 200 0
4525 225 4500 200 4550 250 0
4475 325 4450 300 4500 350 0
4325 475 4300 450 4350 500 0
5025 25 5000 0 5050 50 0
4525 25 4500 0 4550 50 0
4575 25 4550 0 4600 50 0
4325 25 4300 0 4350 50 0